#include macros.dta
(sysutl
   (precache
      (platforms xbox)
      (dirs
         "../../system/run/band"
         SYSTEM_DIRS)
      (exclude
         "xboxlive"
         "facefx"
         "gen")
      (shaders
         (bloom 16)
         (blur 65552 229392 98320)
         (downsample 16)
         (downsample_collapse 16)
         (downsample_depth 16)
         (line 4194304 4194560)
         (particles 4194576 138412304 4194560 138412305)
         (postprocess 1048658 1048666 1048594 1048602 2 66 10 90 82 18 26)
         (multimesh 37748753 71303185 138412049 138412305 138415127 1145061397 138415127 138415121 71306257 1212173329 1145061397 71306257 1212173329 71303189 71303169 1140851039 4206849 1078116671)
         (shadowmap 0 16 4112 272 4368 8192 8208 8464 12288 12304 12560 12544 4352 256)
         (standard 4727041 4194304 4194325 4194560 4202497 1077952513 1077952529 1077952533 1077952535 1077952561 1077952567 1077952769 1077952785 1077952789 1077952791 1077952817 1077952821 1077952823 1077952913 1077952919 1078099969 1078100031 1078103057 1078116372 1078119441 1078362129 1078362133 1078362167 1078362385 1078362417 1078362421 1078362423 1078362513 1078362517 1078624319 1078640641 1078640655 1078640657 1078640663 1078640695 1078640913 1078640945 1078640951 1078641463 1078643729 1078644753 1078644791 1078645009 1078645041 1078645047 1078645303 1078648847 1078648887 1078649105 1078649143 1078649399 1078649655 1078652943 1078652945 1078652983 1078653201 1078653233 1078653239 1078653495 1078653751 71303185 71303189 71303191 71303425 4456465 71303441 71306257 71306513 1145061393 1145061399 1145192469 4721681 1212173329 138412305 138415121 138415127 1078120753 1078640703 1078640689 1078121015 1078117175 1078640917 1078116919 4731137 4722945 1078641207 1145061649 1073905665 1078079761 1078075665 1078128657 1077952951 1078067767 1078071351 1078075959 1078079505 1078079543 1078079745 1078080055 1078099999 1078100287 1078100535 1078124607 1078591505 1078591543 1078591761 1078591799 1078592311 1078595639 1078595857 1078595895 1078599735 1078599953 1078599991 1078600247 1078600503 1078603793 1078603831 1078604049 1078604087 1078604343 1078604599 1078625079 1078628625 1078636817 1078640959 1078648895 4718849 1077952545 1077952663 1077952657 1078124863 1078128959 1078649151 1078653247 1078595601 1078083647 1078086673 1078083607 1078083903 1078591511 1078080311 1078068023 1078075447 1078075455 1078079807 1078071313 1078076215 1078079799 1078075703 1078071607 1078599743 1078604095 1078652991 1078116629 71303169 1078067519 1078116671 1078644799 1078104127 4206849 1078120511 1078087743))))
(objects
   #include objects.dta)
(bankreport
   #include bankreport.dta)
(synth
   #include synth.dta)
(locale ../ui/eng/locale.dta)
#merge ../../../system/run/config/sysutl.dta